19
9 10 8 8 8 7 8 10 9 10 10 9.9 9 8 0 8 9 10 7 7 9 7 8 10 9 10 7 7 9 9 0 8 9 10 7 7 9 7 0 8 8 9 -1 10 8 9 -1 7 9 -1 10 9 -1 -1 -1 7 -1 7 8 -1
8 9 7 7 10 8 10 9 9 8 9 9 8 8 8 9 7 8 7 7 9 8 8 9 9 9 10 8 7 8 10 9 8 8 10 10 9 8 7 9 -1 8 9 -1 -1 -1 8 10 -1 8 9 10 7 8 -1 9 10 8 8 8
8 9 1 9 10 9 8 7 8 9 1 9 10 9 8 7 8 9 1 9 10 9 8 7 8 9 1 9 10 9 8 7 8 9 1 9 10 7 10 7 -1 -1 9 -1 10 7 10 -1 9 -1 9 -1 7 10 9 9 10 7 7 8
8 9 8 8 8 9 1 8 8 9 8 8 8 9 1 8 8 9 8 8 8 9 1 8 8 9 8 8 8 9 1 8 8 9 8 8 8 10 9 10 -1 9 9 8 8 -1 10 7 9 -1 9 7 9 10 9 8 10 7 9 8
9 9 8 10 7 7 8 8 9 9 8 10 7 7 8 8 9 9 8 10 7 7 8 8 9 9 8 10 7 7 8 8 9 9 8 10 7 7 8 8 10 10 9 -1 9 7 10 -1 -1 7 10 7 7 10 9 10 9 -1 7 9
1 1 1 8 9 10 8 8 1 1 1 8 9 10 8 8 1 1 1 8 9 10 8 8 1 1 1 8 9 10 8 8 1 1 1 8 9 10 8 8 -1 9 10 9 9 10 10 -1 8 -1 9 -1 10 -1 9 9 10 9 7 8
9 8 1 9 8 9 9 9 9 8 1 9 8 9 9 9 9 8 1 9 8 9 9 9 9 8 1 9 8 9 9 9 9 8 1 9 8 9 8 9 7 -1 8 9 7 -1 10 8 9 -1 9 8 -1 10 9 -1 7 7 10 10
10 10 8 9 10 10 7 10 10 10 8 9 10 10 7 10 10 10 8 9 10 10 7 10 10 10 8 9 10 10 7 10 10 10 8 9 10 10 7 10 -1 -1 8 -1 10 -1 10 -1 9 8 9 -1 7 10 9 9 10 7 10 1
8 9 8 10 9 8 8 8 8 9 8 10 9 8 8 8 8 9 8 10 9 8 8 8 8 9 8 10 9 8 8 8 8 9 8 10 9 7 8 8 9 9 8 7 8 -1 -1 8 9 -1 9 9 7 10 -1 7 10 8 8 8
7 9 8 10 7 7 1 9 7 9 8 10 7 7 1 9 7 9 8 10 7 7 1 9 7 9 8 10 7 7 1 9 7 9 8 10 7 7 7 9 10 -1 9 -1 8 -1 10 -1 7 9 9 -1 -1 7 9 9 8 7 7 1
8 9 8 8 8 7 9 8 8 9 8 8 8 7 9 8 8 9 8 8 8 7 9 8 8 9 8 8 8 7 9 8 8 9 8 8 8 7 9 8 10 10 9 10 10 9 -1 8 9 -1 9 10 7 7 -1 8 8 10 10 8
10 10 9 10 9 9 9 10 10 10 9 10 9 9 9 10 10 10 9 10 9 9 9 10 10 10 9 10 9 9 9 10 10 10 9 10 9 9 9 10 -1 -1 7 -1 7 -1 10 -1 9 -1 9 -1 7 10 9 9 10 7 10 -1
8 9 8 8 9 1 1 7 8 9 8 8 9 1 1 7 8 9 8 8 9 1 1 7 8 9 8 8 9 1 1 7 8 9 8 8 9 8 8 7 -1 7 -1 -1 8 10 10 7 9 10 9 8 7 8 -1 10 9 9 10 8
8 8 7 9 9 7 1 9 8 8 7 9 9 7 1 9 8 8 7 9 9 7 1 9 8 8 7 9 9 7 1 9 8 8 7 9 9 7 8 9 7 -1 9 -1 8 -1 10 -1 9 -1 9 -1 -1 8 9 8 7 7 9 8
9 9 8 9 8 1 10 10 9 9 8 9 8 1 10 10 9 9 8 9 8 1 10 10 9 9 8 9 8 1 10 10 9 9 8 9 8 8 10 10 -1 8 9 7 -1 7 -1 -1 -1 -1 9 10 7 10 -1 1 10 8 7 7
1 9 8 8 10 8 1 8 1 9 8 8 10 8 1 8 1 9 8 8 10 8 1 8 1 9 8 8 10 8 1 8 1 9 8 8 10 10 8 8 8 -1 -1 -1 -1 -1 10 9 9 9 9 -1 7 10 8 9 10 7 8 10
10 8 9 8 9 8 7 10 10 8 9 8 9 8 7 10 10 8 9 8 9 8 7 10 10 8 9 8 9 8 7 10 10 8 9 8 9 7 7 10 -1 8 9 -1 10 8 10 -1 -1 -1 9 10 7 7 9 7 10 8 9 8
8 9 8 9 1 9 10 8 8 9 8 9 1 9 10 8 8 9 8 9 1 9 10 8 8 9 8 9 1 9 10 8 8 9 8 9 1 9 10 8 10 -1 -1 8 -1 -1 -1 -1 9 7 9 7 8 -1 9 -1 9 7 8 7
10 9 8 8 7 10 9 10 10 9 8 8 7 10 9 10 10 9 8 8 7 10 9 10 10 9 8 8 7 10 9 10 10 9 8 8 7 10 9 10 9 7 9 -1 10 9 10 10 7 -1 9 7 7 7 8 9 10 9 10 10
9 10 7 7 9 1 8 8 9 10 7 7 9 1 8 8 9 10 7 7 9 1 8 8 9 10 7 7 9 1 8 8 9 10 7 7 7 8 9 8 9 8 -1 9 10 -1 -1 9 9 -1 9 8 9 10 7 9 -1 10 10 -1
